19179
15522
28362
12382
7100
26200
8032
31408
26957
27155
17626
22853
26394
5227
15658
8239
5196
2458
3065
9833
25642
6772
28803
26020
12402
9824
1149
12596
22629
20449
25305
21541
25259
1545
16082
29930
13502
22481
6288
19821
21724
25431
6412
31665
24787
9825
4427
7523
15762
17775
7866
7771
12294
31058
8664
12112
25621
20411
9033
14851
15996
4289
13176
20243
12769
854
20304
11727
9653
19196
14445
18829
27757
13889
13414
27303
17953
30484
1118
26831
13702
17636
3373
14073
16853
21026
22270
626
21217
4086
31995
31295
6078
4212
28139
9457
9675
2748
32717
10920
18368
20179
10726
254
17593
4301
22608
14564
10041
26141
13368
3586
25757
23558
13127
22009
10459
29055
30337
22581
19261
19668
17366
22289
14859
26050
27838
32391
31155
2273
12795
2744
29364
12764
11393
3279
10698
24680
10420
4368
23947
12103
6926
4360
27353
9174
26697
19451
29844
25215
